============================= test session starts ==============================
platform darwin -- Python 3.13.14, pytest-9.0.2, pluggy-1.6.0
benchmark: 5.2.3 (defaults: timer=time.perf_counter disable_gc=True min_rounds=5 min_time=0.000005 max_time=1.0 calibration_precision=10 warmup=False warmup_iterations=5)
rootdir: /Users/prrao/code/graph-benchmark-ldbc
configfile: pyproject.toml
plugins: anyio-4.12.1, benchmark-5.2.3, asyncio-1.3.0, Faker-40.1.2
asyncio: mode=Mode.STRICT, debug=False, asyncio_default_fixture_loop_scope=None, asyncio_default_test_loop_scope=function
collected 30 items

benchmark_query.py ..............................                        [100%]
Wrote benchmark data in: <_io.BufferedWriter name='/Users/prrao/code/graph-benchmark-ldbc/results/20260911T210000Z/ladybug-0.20.4.json'>


- generated xml file: /Users/prrao/code/graph-benchmark-ldbc/results/20260911T210000Z/ladybug-0.20.4.xml -

--------------------------------------------------------------------------------------- benchmark: 30 tests ---------------------------------------------------------------------------------------
Name (time in ms)               Min                 Max                Mean             StdDev              Median                IQR            Outliers         OPS            Rounds  Iterations
---------------------------------------------------------------------------------------------------------------------------------------------------------------------------------------------------
test_benchmark_query1        1.5444 (4.39)       2.3991 (4.56)       1.8730 (4.82)      0.2986 (10.47)      1.8406 (4.85)      0.4654 (19.03)         4;0    533.8939 (0.21)         12           1
test_benchmark_query10      19.7785 (56.25)     29.2590 (55.61)     23.2278 (59.75)     2.4344 (85.36)     22.4122 (59.03)     3.6619 (149.72)        9;0     43.0519 (0.02)         33           1
test_benchmark_query11       8.1567 (23.20)     11.1786 (21.25)      8.7891 (22.61)     0.4619 (16.20)      8.6727 (22.84)     0.4217 (17.24)        17;4    113.7779 (0.04)         90           1
test_benchmark_query12      24.1663 (68.73)     26.6741 (50.70)     25.5030 (65.60)     0.8779 (30.78)     25.7170 (67.74)     1.5741 (64.36)         4;0     39.2111 (0.02)         13           1
test_benchmark_query13      40.5421 (115.30)    43.2057 (82.11)     41.3961 (106.49)    0.7044 (24.70)     41.1610 (108.42)    0.9793 (40.04)         8;0     24.1568 (0.01)         21           1
test_benchmark_query14       1.6423 (4.67)       2.1549 (4.10)       1.7724 (4.56)      0.0965 (3.38)       1.7591 (4.63)      0.1255 (5.13)         29;2    564.2171 (0.22)        104           1
test_benchmark_query15       2.4777 (7.05)       3.0347 (5.77)       2.6662 (6.86)      0.0973 (3.41)       2.6582 (7.00)      0.1267 (5.18)         48;2    375.0615 (0.15)        150           1
test_benchmark_query16       4.1877 (11.91)      4.6098 (8.76)       4.3620 (11.22)     0.1058 (3.71)       4.3643 (11.50)     0.1480 (6.05)          9;0    229.2541 (0.09)         30           1
test_benchmark_query17       2.6079 (7.42)       3.2865 (6.25)       2.8508 (7.33)      0.1389 (4.87)       2.8125 (7.41)      0.1860 (7.61)         30;1    350.7826 (0.14)        101           1
test_benchmark_query18       1.1738 (3.34)       1.6425 (3.12)       1.3159 (3.39)      0.0811 (2.84)       1.3050 (3.44)      0.1078 (4.41)         74;3    759.9392 (0.30)        230           1
test_benchmark_query19      10.6236 (30.21)     16.7613 (31.86)     13.5821 (34.94)     1.2521 (43.90)     13.6460 (35.94)     1.4537 (59.43)        16;1     73.6263 (0.03)         46           1
test_benchmark_query2        0.7507 (2.14)       1.1931 (2.27)       0.8501 (2.19)      0.0919 (3.22)       0.8148 (2.15)      0.1117 (4.57)         13;2  1,176.3561 (0.46)         62           1
test_benchmark_query20      12.0733 (34.34)     14.1705 (26.93)     13.1357 (33.79)     0.6030 (21.14)     13.1401 (34.61)     1.0491 (42.89)        25;0     76.1283 (0.03)         59           1
test_benchmark_query21       0.4272 (1.21)       0.6682 (1.27)       0.5039 (1.30)      0.0406 (1.42)       0.5025 (1.32)      0.0524 (2.14)         46;2  1,984.6346 (0.77)        150           1
test_benchmark_query22      15.4032 (43.81)     21.4373 (40.74)     17.7454 (45.65)     1.5441 (54.14)     17.3060 (45.58)     1.9895 (81.34)        15;0     56.3528 (0.02)         59           1
test_benchmark_query23       0.5588 (1.59)       0.9147 (1.74)       0.6520 (1.68)      0.0446 (1.56)       0.6454 (1.70)      0.0562 (2.30)       250;17  1,533.7247 (0.60)        902           1
test_benchmark_query24       0.7461 (2.12)       0.9939 (1.89)       0.8320 (2.14)      0.0445 (1.56)       0.8274 (2.18)      0.0632 (2.58)         82;2  1,201.9920 (0.47)        242           1
test_benchmark_query25       0.9537 (2.71)       1.2122 (2.30)       1.0471 (2.69)      0.0531 (1.86)       1.0406 (2.74)      0.0666 (2.72)         50;3    955.0307 (0.37)        168           1
test_benchmark_query26       2.9679 (8.44)       3.5493 (6.75)       3.1596 (8.13)      0.1213 (4.25)       3.1453 (8.28)      0.1748 (7.15)         41;1    316.4940 (0.12)        131           1
test_benchmark_query27      13.4502 (38.25)     21.6415 (41.13)     16.3372 (42.03)     2.0789 (72.89)     15.9590 (42.04)     2.5905 (105.91)       17;1     61.2100 (0.02)         50           1
test_benchmark_query28       1.6782 (4.77)       2.1749 (4.13)       1.8283 (4.70)      0.0805 (2.82)       1.8102 (4.77)      0.0949 (3.88)       126;16    546.9632 (0.21)        492           1
test_benchmark_query29       0.5308 (1.51)       0.7972 (1.52)       0.6146 (1.58)      0.0392 (1.37)       0.6104 (1.61)      0.0504 (2.06)         83;5  1,627.0731 (0.63)        284           1
test_benchmark_query3        1.0550 (3.00)       1.3528 (2.57)       1.1598 (2.98)      0.0643 (2.25)       1.1490 (3.03)      0.0853 (3.49)         34;7    862.2422 (0.34)        151           1
test_benchmark_query30     320.1815 (910.58)   386.3485 (734.27)   343.5695 (883.80)   26.5412 (930.63)   333.9368 (879.60)   34.9221 (>1000.0)       1;0      2.9106 (0.00)          5           1
test_benchmark_query4        0.3516 (1.0)        0.5262 (1.0)        0.3887 (1.0)       0.0285 (1.0)        0.3796 (1.0)       0.0245 (1.0)         24;13  2,572.4160 (1.0)         160           1
test_benchmark_query5        3.4050 (9.68)       4.0497 (7.70)       3.6242 (9.32)      0.1294 (4.54)       3.6047 (9.49)      0.1234 (5.05)         20;2    275.9242 (0.11)         59           1
test_benchmark_query6        0.6503 (1.85)       5.9830 (11.37)      0.7788 (2.00)      0.2685 (9.41)       0.7412 (1.95)      0.0794 (3.24)        22;59  1,284.0430 (0.50)        980           1
test_benchmark_query7       29.6348 (84.28)     31.3191 (59.52)     30.3539 (78.08)     0.4900 (17.18)     30.3596 (79.97)     0.7399 (30.25)         8;0     32.9447 (0.01)         25           1
test_benchmark_query8        2.5127 (7.15)       3.4024 (6.47)       2.7989 (7.20)      0.1489 (5.22)       2.7943 (7.36)      0.1765 (7.22)         30;3    357.2795 (0.14)        114           1
test_benchmark_query9        1.1576 (3.29)       1.6717 (3.18)       1.2685 (3.26)      0.0738 (2.59)       1.2573 (3.31)      0.0849 (3.47)        72;10    788.3509 (0.31)        270           1
---------------------------------------------------------------------------------------------------------------------------------------------------------------------------------------------------

Legend:
  Outliers: 1 Standard Deviation from Mean; 1.5 IQR (InterQuartile Range) from 1st Quartile and 3rd Quartile.
  OPS: Operations Per Second, computed as 1 / Mean
============================= 30 passed in 17.35s ==============================
