============================= test session starts ==============================
platform darwin -- Python 3.13.14, pytest-9.0.2, pluggy-1.6.0
benchmark: 5.2.3 (defaults: timer=time.perf_counter disable_gc=True min_rounds=5 min_time=0.000005 max_time=1.0 calibration_precision=10 warmup=False warmup_iterations=5)
rootdir: /Users/prrao/code/graph-benchmark-ldbc
configfile: pyproject.toml
plugins: anyio-4.12.1, benchmark-5.2.3, asyncio-1.3.0, Faker-40.1.2
asyncio: mode=Mode.STRICT, debug=False, asyncio_default_fixture_loop_scope=None, asyncio_default_test_loop_scope=function
collected 30 items

benchmark_query.py ..............................                        [100%]


------------------------------------------------------------------------------------ benchmark: 30 tests ------------------------------------------------------------------------------------
Name (time in ms)              Min                Max               Mean            StdDev             Median               IQR            Outliers         OPS            Rounds  Iterations
---------------------------------------------------------------------------------------------------------------------------------------------------------------------------------------------
test_benchmark_query1       1.0445 (3.31)      1.5853 (2.67)      1.1711 (3.07)     0.2326 (8.53)      1.0785 (2.95)     0.1728 (6.10)          1;1    853.8980 (0.33)          5           1
test_benchmark_query10      1.4862 (4.71)      1.9983 (3.37)      1.6136 (4.22)     0.0715 (2.62)      1.5962 (4.36)     0.0741 (2.61)         29;6    619.7371 (0.24)        147           1
test_benchmark_query11      3.6085 (11.44)     4.7055 (7.93)      4.0141 (10.51)    0.1854 (6.80)      4.0160 (10.97)    0.2196 (7.75)         34;1    249.1189 (0.10)        110           1
test_benchmark_query12      7.1585 (22.70)     8.7821 (14.81)     7.7077 (20.18)    0.3637 (13.34)     7.6098 (20.78)    0.3938 (13.90)         4;1    129.7410 (0.05)         19           1
test_benchmark_query13      5.3582 (16.99)     5.8361 (9.84)      5.5591 (14.55)    0.1189 (4.36)      5.5623 (15.19)    0.1658 (5.85)         11;0    179.8846 (0.07)         30           1
test_benchmark_query14      0.7503 (2.38)      1.0530 (1.78)      0.8827 (2.31)     0.0608 (2.23)      0.8748 (2.39)     0.0918 (3.24)         47;0  1,132.8719 (0.43)        148           1
test_benchmark_query15      0.9840 (3.12)      1.4243 (2.40)      1.1303 (2.96)     0.0682 (2.50)      1.1170 (3.05)     0.0798 (2.82)         51;6    884.6963 (0.34)        197           1
test_benchmark_query16      0.8777 (2.78)      1.1489 (1.94)      0.9753 (2.55)     0.0519 (1.90)      0.9697 (2.65)     0.0564 (1.99)         27;4  1,025.3745 (0.39)         96           1
test_benchmark_query17      1.5451 (4.90)      1.8837 (3.18)      1.6811 (4.40)     0.0656 (2.41)      1.6759 (4.58)     0.0631 (2.23)         28;8    594.8501 (0.23)        101           1
test_benchmark_query18      1.0902 (3.46)      1.3265 (2.24)      1.1832 (3.10)     0.0546 (2.00)      1.1922 (3.26)     0.0875 (3.09)         56;0    845.1303 (0.32)        151           1
test_benchmark_query19      2.9770 (9.44)      3.6591 (6.17)      3.1688 (8.29)     0.1230 (4.51)      3.1570 (8.62)     0.1830 (6.46)         29;1    315.5800 (0.12)         93           1
test_benchmark_query2       1.0920 (3.46)      1.4135 (2.38)      1.1789 (3.09)     0.0596 (2.19)      1.1634 (3.18)     0.0607 (2.14)          6;2    848.2285 (0.32)         42           1
test_benchmark_query20     13.0260 (41.30)    15.0860 (25.44)    14.1180 (36.96)    0.5457 (20.01)    14.2481 (38.91)    0.7345 (25.92)        11;0     70.8317 (0.03)         29           1
test_benchmark_query21      0.3816 (1.21)      0.5931 (1.0)       0.4940 (1.29)     0.0416 (1.53)      0.4886 (1.33)     0.0523 (1.85)         39;3  2,024.1734 (0.77)        149           1
test_benchmark_query22      6.9057 (21.89)     7.4148 (12.50)     7.1336 (18.67)    0.1327 (4.87)      7.1184 (19.44)    0.1711 (6.04)         15;0    140.1823 (0.05)         44           1
test_benchmark_query23      0.6503 (2.06)      0.8333 (1.41)      0.7260 (1.90)     0.0338 (1.24)      0.7220 (1.97)     0.0493 (1.74)         55;1  1,377.5016 (0.53)        171           1
test_benchmark_query24      0.6826 (2.16)      1.1688 (1.97)      0.7796 (2.04)     0.0543 (1.99)      0.7706 (2.10)     0.0488 (1.72)        52;13  1,282.7075 (0.49)        265           1
test_benchmark_query25      1.0601 (3.36)      1.4610 (2.46)      1.1538 (3.02)     0.0602 (2.21)      1.1393 (3.11)     0.0708 (2.50)         41;5    866.6958 (0.33)        162           1
test_benchmark_query26      1.0085 (3.20)      1.2722 (2.15)      1.1123 (2.91)     0.0682 (2.50)      1.0987 (3.00)     0.0723 (2.55)         13;4    898.9979 (0.34)         51           1
test_benchmark_query27      3.1743 (10.06)     6.0592 (10.22)     3.4922 (9.14)     0.5457 (20.01)     3.2917 (8.99)     0.2052 (7.24)          7;8    286.3510 (0.11)         60           1
test_benchmark_query28      1.5382 (4.88)      9.6199 (16.22)     1.7782 (4.65)     0.5919 (21.71)     1.6645 (4.55)     0.0851 (3.00)        16;30    562.3561 (0.21)        407           1
test_benchmark_query29      0.5916 (1.88)     40.1702 (67.73)     0.8742 (2.29)     1.8288 (67.07)     0.7019 (1.92)     0.0982 (3.46)         2;59  1,143.8941 (0.44)        476           1
test_benchmark_query3       0.6796 (2.15)      0.9753 (1.64)      0.7485 (1.96)     0.0485 (1.78)      0.7381 (2.02)     0.0400 (1.41)         23;8  1,336.0370 (0.51)        113           1
test_benchmark_query30     85.0293 (269.58)   92.5425 (156.04)   88.7277 (232.26)   3.0377 (111.40)   88.4739 (241.64)   5.4412 (192.04)        2;0     11.2704 (0.00)          6           1
test_benchmark_query4       0.3154 (1.0)       2.1100 (3.56)      0.3820 (1.0)      0.1402 (5.14)      0.3661 (1.0)      0.0283 (1.0)          1;17  2,617.6671 (1.0)         162           1
test_benchmark_query5       3.7034 (11.74)     3.9931 (6.73)      3.8792 (10.15)    0.0582 (2.13)      3.8709 (10.57)    0.0575 (2.03)         15;2    257.7873 (0.10)         57           1
test_benchmark_query6       0.6661 (2.11)      0.8618 (1.45)      0.7153 (1.87)     0.0273 (1.0)       0.7103 (1.94)     0.0286 (1.01)       122;21  1,397.9296 (0.53)        543           1
test_benchmark_query7      23.2556 (73.73)    24.0030 (40.47)    23.5995 (61.78)    0.2731 (10.01)    23.5151 (64.22)    0.4724 (16.67)         5;0     42.3738 (0.02)         11           1
test_benchmark_query8       3.2534 (10.31)     5.9019 (9.95)      3.4115 (8.93)     0.2885 (10.58)     3.3623 (9.18)     0.0746 (2.63)          5;6    293.1221 (0.11)        104           1
test_benchmark_query9       1.2180 (3.86)      1.5378 (2.59)      1.2815 (3.35)     0.0531 (1.95)      1.2682 (3.46)     0.0399 (1.41)        17;10    780.3508 (0.30)        135           1
---------------------------------------------------------------------------------------------------------------------------------------------------------------------------------------------

Legend:
  Outliers: 1 Standard Deviation from Mean; 1.5 IQR (InterQuartile Range) from 1st Quartile and 3rd Quartile.
  OPS: Operations Per Second, computed as 1 / Mean
============================= 30 passed in 11.46s ==============================
