============================= test session starts ==============================
platform darwin -- Python 3.13.14, pytest-9.0.2, pluggy-1.6.0
benchmark: 5.2.3 (defaults: timer=time.perf_counter disable_gc=True min_rounds=5 min_time=0.000005 max_time=1.0 calibration_precision=10 warmup=False warmup_iterations=5)
rootdir: /Users/prrao/code/graph-benchmark-ldbc
configfile: pyproject.toml
plugins: anyio-4.12.1, benchmark-5.2.3, asyncio-1.3.0, Faker-40.1.2
asyncio: mode=Mode.STRICT, debug=False, asyncio_default_fixture_loop_scope=None, asyncio_default_test_loop_scope=function
collected 30 items

benchmark_query.py ..............................                        [100%]


-------------------------------------------------------------------------------------------------- benchmark: 30 tests --------------------------------------------------------------------------------------------------
Name (time in us)                   Min                     Max                    Mean                StdDev                  Median                   IQR            Outliers         OPS            Rounds  Iterations
-------------------------------------------------------------------------------------------------------------------------------------------------------------------------------------------------------------------------
test_benchmark_query1          895.1250 (2.74)       1,535.2500 (2.33)       1,090.9916 (2.23)       258.0344 (7.22)         981.8330 (2.04)       260.5943 (6.91)          1;0    916.5973 (0.45)          5           1
test_benchmark_query10       1,432.4580 (4.39)       2,129.4170 (3.23)       1,569.9407 (3.20)        93.9090 (2.63)       1,547.0000 (3.21)       105.4067 (2.80)         30;5    636.9667 (0.31)        151           1
test_benchmark_query11       3,076.9580 (9.43)       3,755.0420 (5.70)       3,357.5446 (6.85)       131.2670 (3.68)       3,336.5410 (6.92)       184.3850 (4.89)         55;2    297.8367 (0.15)        167           1
test_benchmark_query12      30,856.8330 (94.53)     32,522.8330 (49.34)     31,602.6386 (64.47)      526.8550 (14.75)     31,538.5620 (65.44)      597.2085 (15.84)         4;0     31.6429 (0.02)         12           1
test_benchmark_query13       5,478.2500 (16.78)      5,869.7090 (8.91)       5,639.5098 (11.51)      107.3845 (3.01)       5,637.6245 (11.70)      167.0420 (4.43)         11;0    177.3204 (0.09)         34           1
test_benchmark_query14         791.6660 (2.43)       1,256.7920 (1.91)         993.6117 (2.03)        88.0322 (2.46)         989.8130 (2.05)       124.7705 (3.31)         65;3  1,006.4294 (0.49)        228           1
test_benchmark_query15       1,026.1250 (3.14)       1,496.7910 (2.27)       1,182.4887 (2.41)        76.3359 (2.14)       1,181.2295 (2.45)       104.7290 (2.78)         38;2    845.6741 (0.41)        132           1
test_benchmark_query16       5,400.5000 (16.54)      7,791.4580 (11.82)      6,311.9881 (12.88)      736.9212 (20.63)      5,992.2500 (12.43)      975.6660 (25.87)         5;0    158.4287 (0.08)         14           1
test_benchmark_query17       1,527.3340 (4.68)       2,370.7500 (3.60)       1,746.2134 (3.56)       130.5127 (3.65)       1,719.9375 (3.57)       128.5835 (3.41)        40;11    572.6677 (0.28)        180           1
test_benchmark_query18         981.2080 (3.01)       1,379.5000 (2.09)       1,145.9435 (2.34)        67.0350 (1.88)       1,141.3750 (2.37)        84.3958 (2.24)         46;1    872.6434 (0.43)        157           1
test_benchmark_query19       3,048.9580 (9.34)       3,966.4580 (6.02)       3,326.6257 (6.79)       174.3312 (4.88)       3,296.2500 (6.84)       196.4070 (5.21)         41;8    300.6049 (0.15)        161           1
test_benchmark_query2        1,009.1670 (3.09)       1,291.4580 (1.96)       1,091.6477 (2.23)        53.7256 (1.50)       1,087.2910 (2.26)        51.9580 (1.38)         11;2    916.0464 (0.45)         42           1
test_benchmark_query20      12,327.2920 (37.77)     15,411.0410 (23.38)     13,448.3870 (27.44)      638.8004 (17.89)     13,353.5420 (27.71)    1,078.6670 (28.61)        23;0     74.3584 (0.04)         66           1
test_benchmark_query21         403.2920 (1.24)         659.1250 (1.0)          490.1738 (1.0)         42.3901 (1.19)         481.9380 (1.0)         45.9375 (1.22)         32;7  2,040.0927 (1.0)         152           1
test_benchmark_query22       7,181.6250 (22.00)      7,669.5000 (11.64)      7,372.8423 (15.04)      119.9462 (3.36)       7,342.9790 (15.24)      154.8750 (4.11)         11;0    135.6329 (0.07)         42           1
test_benchmark_query23         643.6660 (1.97)         866.7500 (1.32)         715.0896 (1.46)        35.9304 (1.01)         712.2500 (1.48)        37.7080 (1.0)          46;7  1,398.4262 (0.69)        182           1
test_benchmark_query24         692.1250 (2.12)       1,173.3750 (1.78)         772.4565 (1.58)        45.7826 (1.28)         768.8750 (1.60)        51.1250 (1.36)         59;7  1,294.5713 (0.63)        294           1
test_benchmark_query25       1,038.3330 (3.18)       1,486.5830 (2.26)       1,190.2126 (2.43)        72.4057 (2.03)       1,178.3955 (2.45)        96.9160 (2.57)       224;19    840.1861 (0.41)        758           1
test_benchmark_query26       1,025.4580 (3.14)       1,277.6250 (1.94)       1,111.0515 (2.27)        51.5064 (1.44)       1,103.2080 (2.29)        44.8640 (1.19)         17;3    900.0483 (0.44)         55           1
test_benchmark_query27       2,911.2920 (8.92)       3,284.1670 (4.98)       3,061.1820 (6.25)        82.0055 (2.30)       3,056.0835 (6.34)        89.3965 (2.37)         13;5    326.6712 (0.16)         60           1
test_benchmark_query28       1,550.8330 (4.75)       1,913.4170 (2.90)       1,674.3536 (3.42)        62.6203 (1.75)       1,669.1045 (3.46)        75.1250 (1.99)         39;4    597.2454 (0.29)        146           1
test_benchmark_query29         584.1660 (1.79)         767.8750 (1.16)         655.3096 (1.34)        35.7141 (1.0)          654.3330 (1.36)        47.6250 (1.26)         93;2  1,525.9962 (0.75)        269           1
test_benchmark_query3          669.6250 (2.05)       3,546.6250 (5.38)         901.8631 (1.84)       482.5479 (13.51)        725.1875 (1.50)        90.8760 (2.41)        23;40  1,108.8158 (0.54)        230           1
test_benchmark_query30     469,585.5830 (>1000.0)  485,913.8340 (737.21)   480,406.4416 (980.07)   6,767.1470 (189.48)   484,211.9580 (>1000.0)  8,841.5620 (234.47)        1;0      2.0816 (0.00)          5           1
test_benchmark_query4          326.4170 (1.0)        2,819.6250 (4.28)         622.4738 (1.27)       357.8703 (10.02)        536.9580 (1.11)       302.9795 (8.03)        27;22  1,606.4934 (0.79)        276           1
test_benchmark_query5        4,052.8330 (12.42)      7,179.0830 (10.89)      4,584.2029 (9.35)       630.8945 (17.67)      4,335.1660 (9.00)       404.0732 (10.72)         7;7    218.1404 (0.11)         61           1
test_benchmark_query6          702.2920 (2.15)       1,886.2090 (2.86)         878.6115 (1.79)       163.2505 (4.57)         828.2920 (1.72)       120.4165 (3.19)        51;36  1,138.1594 (0.56)        475           1
test_benchmark_query7       24,051.7090 (73.68)     25,611.1670 (38.86)     24,628.8890 (50.25)      467.3690 (13.09)     24,493.7080 (50.82)      684.7705 (18.16)         4;0     40.6027 (0.02)         12           1
test_benchmark_query8        3,121.8750 (9.56)      11,677.7910 (17.72)      3,805.2736 (7.76)     1,369.6177 (38.35)      3,386.5420 (7.03)       201.3545 (5.34)        12;16    262.7932 (0.13)        132           1
test_benchmark_query9        1,233.7080 (3.78)       6,652.2500 (10.09)      1,883.2334 (3.84)       770.1358 (21.56)      1,604.6660 (3.33)       767.2180 (20.35)       38;25    531.0016 (0.26)        319           1
-------------------------------------------------------------------------------------------------------------------------------------------------------------------------------------------------------------------------

Legend:
  Outliers: 1 Standard Deviation from Mean; 1.5 IQR (InterQuartile Range) from 1st Quartile and 3rd Quartile.
  OPS: Operations Per Second, computed as 1 / Mean
============================= 30 passed in 15.87s ==============================
