============================= test session starts ==============================
platform darwin -- Python 3.13.14, pytest-9.0.2, pluggy-1.6.0
benchmark: 5.2.3 (defaults: timer=time.perf_counter disable_gc=True min_rounds=5 min_time=0.000005 max_time=1.0 calibration_precision=10 warmup=False warmup_iterations=5)
rootdir: /Users/prrao/code/graph-benchmark-ldbc
configfile: pyproject.toml
plugins: anyio-4.12.1, benchmark-5.2.3, asyncio-1.3.0, Faker-40.1.2
asyncio: mode=Mode.STRICT, debug=False, asyncio_default_fixture_loop_scope=None, asyncio_default_test_loop_scope=function
collected 30 items

benchmark_query.py ..............................                        [100%]
Wrote benchmark data in: <_io.BufferedWriter name='/Users/prrao/code/graph-benchmark-ldbc/results/20260903T210653Z/ladybug-0.20.2.json'>


- generated xml file: /Users/prrao/code/graph-benchmark-ldbc/results/20260903T210653Z/ladybug-0.20.2.xml -

--------------------------------------------------------------------------------------- benchmark: 30 tests ---------------------------------------------------------------------------------------
Name (time in ms)               Min                 Max                Mean             StdDev              Median                IQR            Outliers         OPS            Rounds  Iterations
---------------------------------------------------------------------------------------------------------------------------------------------------------------------------------------------------
test_benchmark_query1        1.1186 (6.61)       1.4708 (2.86)       1.2403 (5.84)      0.1047 (4.41)       1.2132 (5.81)      0.1120 (6.09)          3;1    806.2322 (0.17)         10           1
test_benchmark_query10      17.8076 (105.24)    34.8745 (67.87)     21.1574 (99.55)     3.4000 (143.37)    20.1152 (96.30)     2.2608 (122.90)        3;3     47.2648 (0.01)         46           1
test_benchmark_query11       7.5568 (44.66)      8.7617 (17.05)      7.8540 (36.95)     0.2106 (8.88)       7.8247 (37.46)     0.2370 (12.89)        20;4    127.3244 (0.03)         85           1
test_benchmark_query12      22.5416 (133.22)    29.0376 (56.51)     25.0970 (118.09)    1.7256 (72.77)     25.0539 (119.95)    1.8072 (98.24)         6;3     39.8455 (0.01)         28           1
test_benchmark_query13      39.8215 (235.34)    60.8042 (118.33)    41.8316 (196.83)    4.4122 (186.05)    40.3647 (193.25)    1.0769 (58.54)         2;3     23.9054 (0.01)         24           1
test_benchmark_query14       1.3600 (8.04)       5.4361 (10.58)      1.6967 (7.98)      0.4296 (18.12)      1.5614 (7.48)      0.2027 (11.02)       26;30    589.3960 (0.13)        306           1
test_benchmark_query15       2.1645 (12.79)      3.0750 (5.98)       2.3771 (11.18)     0.1205 (5.08)       2.3662 (11.33)     0.1359 (7.39)        81;14    420.6840 (0.09)        352           1
test_benchmark_query16       3.8139 (22.54)      4.4778 (8.71)       3.9429 (18.55)     0.0954 (4.02)       3.9153 (18.74)     0.0936 (5.09)         21;5    253.6179 (0.05)        116           1
test_benchmark_query17       2.2254 (13.15)      3.8227 (7.44)       2.4528 (11.54)     0.1953 (8.23)       2.3974 (11.48)     0.1521 (8.27)        38;24    407.6893 (0.09)        279           1
test_benchmark_query18       0.8598 (5.08)       1.2742 (2.48)       0.9990 (4.70)      0.0579 (2.44)       1.0066 (4.82)      0.0829 (4.51)        170;2  1,001.0085 (0.21)        544           1
test_benchmark_query19       9.6420 (56.98)     15.8668 (30.88)     11.6233 (54.69)     1.1795 (49.74)     11.6833 (55.93)     1.5489 (84.20)        28;1     86.0344 (0.02)         88           1
test_benchmark_query2        0.5497 (3.25)       0.7436 (1.45)       0.5915 (2.78)      0.0280 (1.18)       0.5843 (2.80)      0.0216 (1.17)        60;30  1,690.6561 (0.36)        397           1
test_benchmark_query20      12.0025 (70.93)     15.6577 (30.47)     13.1724 (61.98)     0.7174 (30.25)     13.2364 (63.37)     1.1070 (60.18)        17;1     75.9162 (0.02)         69           1
test_benchmark_query21       0.2072 (1.22)       0.8960 (1.74)       0.3244 (1.53)      0.0570 (2.41)       0.3129 (1.50)      0.0532 (2.89)       144;37  3,082.2773 (0.66)        926           1
test_benchmark_query22      15.3385 (90.65)     24.4944 (47.67)     19.0231 (89.51)     2.2542 (95.05)     18.5420 (88.77)     3.1419 (170.80)       11;0     52.5677 (0.01)         47           1
test_benchmark_query23       0.3067 (1.81)       0.5305 (1.03)       0.3868 (1.82)      0.0342 (1.44)       0.3809 (1.82)      0.0436 (2.37)       264;19  2,585.0762 (0.55)        936           1
test_benchmark_query24       0.4570 (2.70)       0.8002 (1.56)       0.5459 (2.57)      0.0409 (1.73)       0.5407 (2.59)      0.0554 (3.01)       276;10  1,831.8008 (0.39)        945           1
test_benchmark_query25       0.6105 (3.61)       0.8423 (1.64)       0.6849 (3.22)      0.0388 (1.64)       0.6788 (3.25)      0.0499 (2.71)       212;14  1,459.9830 (0.31)        713           1
test_benchmark_query26       2.5961 (15.34)      3.0626 (5.96)       2.7384 (12.88)     0.0669 (2.82)       2.7244 (13.04)     0.0940 (5.11)         88;3    365.1714 (0.08)        296           1
test_benchmark_query27      12.5670 (74.27)     24.0555 (46.82)     15.4081 (72.50)     2.6165 (110.33)    14.6982 (70.37)     3.5178 (191.23)        7;1     64.9011 (0.01)         50           1
test_benchmark_query28       1.0850 (6.41)       4.8921 (9.52)       1.1833 (5.57)      0.1786 (7.53)       1.1692 (5.60)      0.0493 (2.68)         3;19    845.0885 (0.18)        464           1
test_benchmark_query29       0.3265 (1.93)       0.5738 (1.12)       0.4176 (1.96)      0.0328 (1.38)       0.4136 (1.98)      0.0445 (2.42)       407;12  2,394.8207 (0.51)       1248           1
test_benchmark_query3        0.7687 (4.54)       0.9955 (1.94)       0.8199 (3.86)      0.0312 (1.32)       0.8134 (3.89)      0.0292 (1.59)        83;27  1,219.5942 (0.26)        434           1
test_benchmark_query30     325.1863 (>1000.0)  384.5715 (748.44)   354.8728 (>1000.0)  26.2897 (>1000.0)  367.5181 (>1000.0)  44.1114 (>1000.0)       2;0      2.8179 (0.00)          5           1
test_benchmark_query4        0.1692 (1.0)        0.5138 (1.0)        0.2125 (1.0)       0.0237 (1.0)        0.2089 (1.0)       0.0184 (1.0)        125;47  4,705.1916 (1.0)         776           1
test_benchmark_query5        3.0238 (17.87)      8.7567 (17.04)      3.3004 (15.53)     0.5055 (21.32)      3.2076 (15.36)     0.1342 (7.30)         7;19    302.9940 (0.06)        214           1
test_benchmark_query6        0.4831 (2.86)       0.7032 (1.37)       0.5372 (2.53)      0.0294 (1.24)       0.5317 (2.55)      0.0320 (1.74)       227;43  1,861.5891 (0.40)        982           1
test_benchmark_query7       26.5134 (156.69)    28.3029 (55.08)     27.0283 (127.17)    0.3828 (16.14)     26.9958 (129.24)    0.4178 (22.71)         9;2     36.9983 (0.01)         33           1
test_benchmark_query8        2.2340 (13.20)      2.6126 (5.08)       2.3796 (11.20)     0.0719 (3.03)       2.3716 (11.35)     0.0934 (5.08)         79;4    420.2438 (0.09)        242           1
test_benchmark_query9        0.5533 (3.27)       1.1737 (2.28)       0.6309 (2.97)      0.0675 (2.85)       0.6088 (2.91)      0.0558 (3.03)        68;46  1,584.9733 (0.34)        587           1
---------------------------------------------------------------------------------------------------------------------------------------------------------------------------------------------------

Legend:
  Outliers: 1 Standard Deviation from Mean; 1.5 IQR (InterQuartile Range) from 1st Quartile and 3rd Quartile.
  OPS: Operations Per Second, computed as 1 / Mean
============================= 30 passed in 22.04s ==============================
